486
425
450
408
588
507
445
548
500
554
464
571
421
566
503
487
541
438
426
426
589
524
573
490
590
481
531
437
418
567
551
414
408
475
438
542
442
571
597
412
536
475
449
443
586
561
575
463
592
450
501
465
560
533
486
496
566
450
573
555
459
564
562
531
501
457
548
510
422
446
423
570
571
413
444
461
413
554
579
575
576
548
578
446
482
573
460
516
409
565
519
405
494
558
432
554
508
445
473
473
574
430
591
511
437
562
465
490
480
500
493
570
453
588
552
404
597
514
587
508
431
568
467
503
516
552
416
483
534
468
498
408
472
495
563
565
536
453
582
554
417
517
545
458
537
512
552
438
516
548
449
403
416
459
475
553
424
489
526
572
429
478
463
440
417
506
547
463
555
431
534
502
454
547
444
481
442
507
540
444
467
505
588
465
572
520
439
525
568
538
568
500
561
512
521
488
436
499
550
554
590
465
495
423
433
552
410
498
434
424
542
432
574
543
412
444
473
549
565
496
558
537
534
496
548
401
581
550
495
422
481
468
404
531
548
426
553
504
467
553
544
466
425
474
402
440
455
547
525
493
519
537
413
427
403
556
572
527
494
410
528
582
592
434
438
425
438
488
476
492
548
482
529
473
447
404
495
415
568
420
496
530
517
545
403
485
523
477
411
426
486
499
590
530
406
501
410
429
405
423
400
488
516
417
591
404
590
573
558
473
546
435
421
444
563
559
598
590
543
556
533
407
464
498
562
454
406
567
579
593
468
434
441
499
510
551
600
552
480
579
467
453
412
490
567
548
405
466
509
456
400
449
490
569
578
523
573
525
558
564
549
585
589
413
440
570
435
420
529
445
450
403
406
510
518
424
548
460
546
474
596
456
478
548
567
554
491
478
433
540
526
483
411
414
564
536
528
406
412
506
400
464
414
503
450
503
404
403
593
471
469
457
600
572
512
571
426
513
533
513
581
546
452
454
424
486
467
545
594
598
531
431
512
470
470
540
545
566
515
449
419
426
579
428
402
590
490
516
495
564
591
580
583
541
446
519
586
494
499
504
590
513
469
422
435
436
430
436
407
448
563
501
436
455
464
506
449
570
512
455
557
471
515
475
474
514
520
462
527
433
505
459
574
525
418
406
492
410
407
542
