1
  0.087766 -0.951057  0.296291
  0.962828 -0.086693 -0.255825
  0.270115  0.309017  0.911892
2
  0.029688 -0.994522  0.100224
  0.959279 -0.030778 -0.280778
  0.282460  0.104528  0.953567
3
 -0.029688 -0.994522 -0.100224
  0.959279  0.030778 -0.280778
  0.282460 -0.104528  0.953567
4
 -0.087766 -0.951057 -0.296292
  0.962828  0.086693 -0.255825
  0.270115 -0.309017  0.911892
5
  0.029618 -0.951056  0.307594
  0.995837 -0.028286 -0.086655
  0.091155  0.309017  0.946678
6
  0.009914 -0.994572  0.103575
  0.995499 -0.009905 -0.094250
  0.094769  0.104048  0.990047
7
 -0.010019 -0.994522 -0.104047
  0.995447  0.010009 -0.094794
  0.095321 -0.104528  0.989943
8
 -0.029618 -0.951056 -0.307594
  0.995837  0.028286 -0.086655
  0.091155 -0.309017  0.946678
9
 -0.029618 -0.951056  0.307594
  0.995837  0.028286  0.086655
 -0.091155  0.309017  0.946678
10
 -0.010019 -0.994522  0.104047
  0.995447  0.010009  0.094794
 -0.095321  0.104529  0.989943
11
  0.010019 -0.994522 -0.104047
  0.995447 -0.010009  0.094794
 -0.095321 -0.104529  0.989943
12
  0.029618 -0.951056 -0.307594
  0.995837 -0.028286  0.086655
 -0.091155 -0.309017  0.946678
13
 -0.087766 -0.951057  0.296292
  0.962828  0.086693  0.255825
 -0.270115  0.309017  0.911892
14
  0.029688 -0.994522 -0.100224
  0.959279 -0.030778  0.280778
 -0.282459 -0.104528  0.953567
15
  0.029688 -0.994522 -0.100224
  0.959279 -0.030778  0.280778
 -0.282459 -0.104528  0.953567
16
  0.087766 -0.951057 -0.296292
  0.962828 -0.086693  0.255825
 -0.270115 -0.309017  0.911892
