1
  0.080644 -0.954387  0.287477
  0.966205 -0.079657 -0.245160
  0.257776  0.298574  0.918915
2
  0.028340 -0.994956  0.096228
  0.959683 -0.029381 -0.279544
  0.281084  0.100314  0.954426
3
 -0.028340 -0.994956 -0.096228
  0.959683  0.029381 -0.279544
  0.281084 -0.100314  0.954426
4
 -0.080644 -0.954387 -0.287477
  0.966205  0.079657 -0.245160
  0.257776 -0.298574  0.918915
5
  0.028062 -0.951434  0.306571
  0.996232 -0.026800 -0.082482
  0.086727  0.307853  0.947473
6
  0.009919 -0.994571  0.103584
  0.995496 -0.009910 -0.094288
  0.094807  0.104058  0.990042
7
 -0.009919 -0.994571 -0.103584
  0.995496  0.009910 -0.094288
  0.094807 -0.104058  0.990042
8
 -0.028062 -0.951434 -0.306571
  0.996232  0.026800 -0.082482
  0.086727 -0.307853  0.947473
9
 -0.028062 -0.951434  0.306571
  0.996232  0.026800  0.082482
 -0.086727  0.307853  0.947473
10
 -0.009919 -0.994571  0.103584
  0.995496  0.009910  0.094288
 -0.094807  0.104058  0.990042
11
  0.009919 -0.994571 -0.103584
  0.995496 -0.009910  0.094288
 -0.094807 -0.104058  0.990042
12
  0.028062 -0.951434 -0.306571
  0.996232 -0.026800  0.082482
 -0.086727 -0.307853  0.947473
13
 -0.080644 -0.954387  0.287477
  0.966205  0.079657  0.245160
 -0.257776  0.298574  0.918915
14
 -0.028340 -0.994956  0.096228
  0.959683  0.029381  0.279544
 -0.281084  0.100314  0.954426
15
  0.028340 -0.994956 -0.096228
  0.959683 -0.029381  0.279544
 -0.281084 -0.100314  0.954426
16
  0.080644 -0.954387 -0.287477
  0.966205 -0.079657  0.245160
 -0.257776 -0.298574  0.918915
