1
  0.093906 -0.943648  0.317349
  0.963487 -0.091972 -0.251464
  0.267755  0.330951  0.904864
2
  0.035687 -0.992071  0.120509
  0.959504 -0.036898 -0.279268
  0.281695  0.125682  0.951237
3
 -0.024584 -0.996245 -0.083017
  0.959155  0.025535 -0.281725
  0.282880 -0.086580  0.955240
4
 -0.083852 -0.955404 -0.283148
  0.962498  0.083234 -0.258204
  0.271288 -0.295303  0.916078
5
  0.030777 -0.943680  0.329425
  0.996140 -0.029156 -0.082799
  0.087782  0.330860  0.939588
6
  0.011702 -0.992075  0.125098
  0.995722 -0.011660 -0.091663
  0.092401  0.125644  0.987763
7
 -0.008062 -0.996247 -0.086178
  0.995686  0.008066 -0.092439
  0.092790 -0.086555  0.991916
8
 -0.027462 -0.955429 -0.293941
  0.996043  0.026342 -0.084882
  0.088875 -0.295221  0.951286
9
 -0.033566 -0.943766  0.328906
  0.995399  0.031825  0.090377
 -0.095816  0.330614  0.938890
10
 -0.012714 -0.992088  0.124900
  0.994941  0.012677  0.099662
 -0.100465  0.125546  0.986988
11
  0.008758 -0.996253 -0.086042
  0.994898 -0.008770  0.100505
 -0.100887 -0.086486  0.991132
12
  0.029950 -0.955498 -0.293472
  0.995284 -0.028752  0.092648
 -0.097007 -0.294996  0.950561
13
 -0.096299 -0.943902  0.315871
  0.961371  0.094549  0.258509
 -0.275257  0.330224  0.902876
14
 -0.036547 -0.992108  0.119946
  0.957278  0.037877  0.286676
 -0.289168  0.125390  0.949031
15
  0.025176 -0.996262 -0.082627
  0.956912 -0.026212  0.289193
 -0.290379 -0.086378  0.953005
16
  0.085982 -0.955609 -0.281813
  0.960330 -0.085559  0.265417
 -0.278867 -0.294638  0.914014
